425
690
963
321
709
238
325
115
853
821
923
185
260
911
554
851
552
940
173
644
424
741
689
556
902
220
670
421
918
788
451
215
386
6
387
726
900
212
617
47
605
795
577
62
947
548
127
819
65
588
404
80
92
246
267
428
897
437
919
827
725
658
587
623
3
221
208
883
318
541
411
310
196
138
37
228
782
606
121
275
603
400
509
774
608
226
26
834
356
219
590
612
236
158
472
766
374
742
579
394
758
604
116
202
920
652
439
522
508
113
830
632
997
550
112
25
739
100
134
129
348
520
184
123
299
477
284
431
763
363
631
153
141
217
434
7
968
474
553
654
705
224
442
957
880
613
849
71
290
128
410
353
506
575
815
392
102
457
493
142
362
195
666
781
305
297
124
981
106
440
677
659
602
649
207
155
55
245
210
943
64
136
331
337
27
823
842
414
314
114
459
87
694
18
277
566
922
706
773
28
810
668
724
935
941
618
191
254
295
194
441
74
843
517
249
881
759
563
135
497
101
66
20
302
545
304
8
324
371
170
866
988
808
964
461
317
147
958
980
104
77
171
761
540
239
57
660
0
731
852
29
864
869
956
334
921
11
251
699
805
350
75
523
285
163
408
850
890
674
838
476
406
446
403
797
151
481
903
398
242
379
23
168
160
543
43
524
244
435
908
809
296
946
255
416
281
622
96
294
98
265
950
696
227
495
103
629
313
998
186
680
990
703
901
938
885
181
887
52
293
722
534
917
785
368
799
727
656
483
192
359
914
231
977
488
466
399
342
292
801
662
93
818
547
401
49
214
120
319
259
333
117
139
755
628
769
752
932
564
258
357
667
234
346
592
839
973
831
328
982
187
10
776
521
252
638
67
176
855
94
241
345
199
278
206
322
966
5
857
762
792
987
892
913
111
646
789
300
558
448
79
376
862
237
882
88
430
61
364
390
389
340
814
945
749
122
873
148
188
375
812
832
73
751
326
700
162
655
99
14
178
643
599
200
665
409
672
786
31
32
382
108
549
796
845
926
83
746
637
384
848
992
994
487
538
537
684
748
676
636
407
489
351
453
910
262
110
771
420
576
986
423
157
586
737
572
531
419
445
68
235
928
669
775
473
650
611
97
72
280
803
787
391
640
266
366
635
306
499
895
621
443
996
600
807
704
402
105
688
209
999
877
30
21
355
48
289
878
723
939
985
164
565
937
309
42
1
438
626
888
381
673
90
311
263
291
837
360
616
370
647
542
458
609
619
715
303
529
286
269
825
909
60
582
329
714
44
335
729
268
24
942
630
868
240
417
598
614
53
132
536
525
38
503
657
594
180
899
480
172
510
691
528
783
708
745
327
591
780
936
898
152
736
557
728
86
735
535
339
183
349
119
320
484
469
2
175
81
491
816
526
555
312
494
182
772
271
625
713
826
467
681
174
233
156
893
993
875
257
610
685
754
824
779
661
40
150
161
972
273
16
397
393
197
17
190
471
515
274
648
846
872
744
131
347
562
288
140
544
886
863
532
969
463
63
833
927
248
89
19
279
429
165
283
955
216
36
822
624
949
686
916
418
692
907
261
456
633
995
561
447
46
559
615
585
747
85
951
698
412
891
989
743
338
264
449
854
460
332
166
145
707
388
137
967
778
462
802
765
979
948
876
143
54
784
70
732
126
730
570
546
177
760
664
904
513
468
358
361
15
243
133
316
934
970
953
205
405
894
250
485
470
450
169
777
750
486
711
813
396
354
452
976
678
230
682
344
567
793
642
282
757
514
954
76
130
490
500
189
422
516
865
595
323
571
369
583
9
952
34
504
889
533
229
51
961
498
511
149
733
395
203
651
645
974
298
991
475
978
829
836
287
817
721
432
336
39
753
365
896
41
874
695
683
717
930
315
367
454
663
256
859
734
276
687
13
811
91
767
225
804
906
860
218
352
307
95
159
154
573
58
870
512
465
828
841
35
697
641
539
798
107
574
800
444
569
965
835
308
22
794
378
720
343
627
847
933
584
125
167
601
341
109
179
492
840
589
960
59
962
597
718
693
912
519
639
507
502
211
884
740
701
653
702
867
518
45
464
924
580
756
301
593
671
82
222
858
198
578
201
56
436
204
427
270
712
764
433
377
879
905
568
620
247
478
679
213
716
146
551
770
861
806
272
527
710
482
372
193
144
78
50
118
455
790
959
581
871
69
385
596
223
530
925
971
560
634
373
501
496
383
915
12
479
380
984
856
33
505
738
944
413
415
675
607
426
4
768
929
975
253
232
931
330
983
820
84
791
719
844
